32x32
00000000000000000000000000000000
01100001100001100000110000000000
01100010100010010001001000000000
00000001000001100000101000000000
00000000000000000000010000000000
00000000000000000000000000000000
00000000000000000000000000000000
00000000001100000110000000110000
01110000001100000101001001010000
00000000110000000001111001000000
00000000110000000101001001010000
00000000000000000110000000110000
00000000000000000000000000000000
00000000000000000000000000000000
00011100011100000000000000000000
00000000000000000000000000000000
01000010100001000000000000000000
01000010100001000000000000000000
01000010100001000000000000000000
00011100011100000000000000000000
00000000000000000000000000000000
00011100011100000000000000000000
01000010100001000000000000000000
01000010100001000000000000000000
01000010100001000000000000000000
00000000000000000000000000000000
00011100011100000000000000000000
00000000000000000000000000000000
00000000000000000000000000000000
00000000000000000000000000000000
00000000000000000000000000000000
00000000000000000000000000000000